-1.260854579964541244e+01 6.766379375609622571e+01 -7.182774319987549916e+01 4.289442609806554785e+00
5.248789973895554795e+01 -4.853385156938627887e+01 3.505780812647037692e+01 -2.575901283413291054e-01
5.724669656307474952e+01 -6.211246976791251484e+01 -8.920563458446829941e+01 4.348083160283879423e+00
-2.003688844491682630e+01 -8.026106875862650725e+01 -7.356297979537822584e+01 -2.951128617946992883e+00
-8.491120808951805543e+00 -8.825303708448709017e+01 2.322589410010806432e+01 3.177621621469596036e+00
-9.194319316034784606e+01 -7.228324527867189886e+01 1.559593594291453655e+01 -1.829825296700913206e+00
-2.683188679712733915e+01 -1.065935110399476571e+01 -7.081861766773427291e+01 -4.251872201603138279e+00
2.189938602076517782e+01 -5.881973637681760891e+01 -3.729567884217299678e+01 -2.636400928619440975e+00
6.501342858271252112e+01 8.571690386019011498e+01 -8.768984494432277188e+01 -4.301598407650636169e+00
7.254952630447459683e+01 -8.018954837226885957e-01 6.279611908844978529e+01 4.248226909319566147e+00
6.137855962644414376e+01 -1.670099664844329368e+00 -6.474575473873687770e+01 -4.084611376268583172e+00
-1.827547115337362982e+01 -7.268504643924471509e+01 -6.156347291616184236e+01 4.046851157760077200e+00
-2.755509774075322582e+01 -5.115302347504812985e+01 2.857466779951801072e+01 -2.482278955687313715e+00
-9.387894534786465783e+01 7.567814733189663912e+01 2.710493634109663219e+01 3.988973015181169757e-01
-5.079454346276068577e+01 5.335472732751637182e+01 3.246960554671082377e+01 3.606508186259848259e+00
-6.225358949767439753e+00 4.782430571359438432e+01 1.519319463707844875e+00 4.646422369665176078e+00
4.987865394534043162e+01 -4.702310087696215390e+01 7.551921465687127011e+01 4.199326849751427559e+00
4.837867785317143898e+01 5.760507778777156318e+01 -8.817612681538571451e+01 -2.140796880171496053e+00
-5.611490738530959987e+01 -8.238265027639239690e+01 1.687137626376389221e+01 2.782571431557075314e+00
4.142556315799714639e+01 7.654554088909532084e+01 -3.428001643367386464e+01 3.796033031452125783e+00
-6.745620833008818806e+01 8.923557831231084947e+01 -6.079250525276648887e+00 2.087041476563983977e+00
9.125304599742099754e+01 -8.263915800629544606e+01 -2.685445008809072931e+01 -1.230690523503818135e+00
6.593596755873468851e+01 9.729648211985221451e+01 9.602079090390449778e+01 2.394044856680682898e+00
-1.758858466816070631e+01 -7.095677627728932180e+00 7.904055921237781490e+01 3.839941047938602026e+00
-7.768506007515455281e+01 6.998901094423845848e+01 4.805776236231730536e+01 1.619824776007377842e+00
4.681726586754078312e+01 9.198632664616559396e+01 7.375063045964537878e+01 2.550563023539238472e+00
3.640223762842191491e+01 9.030114872273978222e+01 3.251080262163213774e+00 -3.496194474731506574e-01
-1.903985392506626795e+00 -8.330224527203782259e+01 -4.202785563875826114e+01 -4.812628586148549381e+00
-9.460752983859661924e+01 -5.983493698242421033e+01 -3.313332038296626081e+01 -3.199759760695952693e-01
5.145323148488944298e+01 5.463411969363917819e+01 5.892089666383938606e+01 4.773934773935950560e-01
3.908556097815406360e+01 8.826019328761199745e+01 -3.542808194387671961e+01 2.207717282636681766e+00
5.705093997418373419e+01 -8.454604648325269523e+01 5.571451974816230290e+01 -6.454720855343865082e-02
7.909023029695708829e+01 -8.516069147785283633e+01 -8.376975208000835948e+01 -1.743383799148819691e+00
-9.989282618049766427e+01 -6.270090976904570113e+01 -6.462640919163015951e+01 3.364291397462487510e+00
-2.674736930444836958e+01 1.760441026320707181e+01 8.333244611184716177e+01 -1.798541652591861606e+00
-5.457762525323137481e+01 6.617063170972664921e+01 -6.068158178506423894e+01 2.917458926102346695e+00
-8.122041275489139878e+01 1.643190671485868393e+01 -2.444572729925403110e+01 -4.546369614165721273e+00
1.555905451500079550e+01 7.440563400987679188e+01 6.580095183470427855e+01 -4.440972051793278474e+00
-8.660261861862497312e+01 -2.280506851069506524e+01 8.482325722234065779e+01 -1.219852457461290118e+00
4.510535475885185974e+01 9.075962935026217338e+01 -4.270930331286533033e+01 -3.022858310409217708e+00
7.103818840072881358e+01 -1.296201267302505755e+01 -3.235920500999213800e+01 -2.472156131223164355e+00
-1.981043297219106591e+01 -7.458533613187961464e+01 6.634396767410720486e+01 3.811165844340308695e+00
3.960846948860671546e+01 -7.953579984647498691e+01 -2.638409124681118101e+00 -1.047602625218463146e+00
-1.030524002957574226e+01 -7.261934603142994149e+01 9.913306295967794313e+01 -3.126463182052861001e+00
5.804185945649092560e+01 5.608703242876418926e+01 6.014253363733331526e+01 4.255362708250542525e+00
-3.534897147466938350e+01 -2.638067449278260312e+01 1.369526332970465887e+00 -3.654399321557271207e-01
7.291672653500805268e+01 -3.440466912703740832e+01 -6.612403833222487037e+01 4.150135818546313971e+00
-1.160504666889877967e+00 6.393508982528146589e+01 -8.086989262973375503e+01 -1.356746300031821395e+00
-9.424060926259872417e+01 5.858214463170341446e+00 -3.977821589099266220e+01 -2.302051311477013584e-01
2.181632157965211150e+00 -6.299578182691509909e+01 3.547019172021143163e+01 4.108784027740304268e+00
